       1   43.57
       1   35.74
       1   39.33
       1   37.05
       1   35.95
       1   38.03
       1   39.18
       1   37.62
       1   39.33
       1   40.21
       2   46.32
       2   49.32
       2   46.72
       2   47.30
       2   46.32
       2   47.54
       2   48.20
       2   44.70
       2   46.04
       2   48.52
       5   34.86
       5   37.40
       5   35.48
       5   36.01
       5   32.20
       5   36.85
       5   35.06
       5   36.03
       5   36.97
       5   33.14
       6   33.01
       6   33.88
       6   32.60
       6   34.78
       6   31.25
       6   32.16
       6   34.99
       6   33.34
       6   32.52
       6   31.47
       7   38.80
       7   40.89
       7   39.94
       7   41.32
       7   38.24
       7   41.28
       7   39.45
       7   37.70
       7   37.65
       7   39.74
       8   35.48
       8   32.44
       8   33.59
       8   35.70
       8   34.49
       8   33.07
       8   33.85
       8   35.44
       8   31.99
       8   32.95
       9   34.66
       9   32.85
       9   39.83
       9   39.12
       9   36.24
       9   37.09
       9   38.60
       9   37.10
       9   38.54
       9   39.98
      10   55.59
      10   55.01
      10   57.33
      10   53.83
      10   51.60
      10   55.17
      10   51.92
      10   53.15
      10   59.41
      10   56.98
      11   32.64
      11   33.52
      11   30.47
      11   32.40
      11   34.31
      11   33.87
      11   31.08
      11   34.55
      11   34.10
      11   36.06
      12   33.94
      12   35.03
      12   32.90
      12   31.90
      12   37.35
      12   34.37
      12   36.38
      12   32.87
      12   32.96
      12   36.31
      13   52.46
      13   52.44
      13   54.52
      13   54.23
      13   55.43
      13   52.06
      13   52.57
      13   53.83
      13   53.80
      13   54.66
      14   48.71
      14   50.32
      14   47.16
      14   48.26
      14   49.60
      14   48.46
      14   48.82
      14   46.75
      14   47.92
      14   47.99
      15   51.51
      15   53.33
      15   53.44
      15   56.04
      15   51.43
      15   54.01
      15   54.19
      15   52.14
      15   53.80
      15   52.12
      16   47.84
      16   45.82
      16   48.09
      16   48.02
      16   48.25
      16   47.21
      16   48.28
      16   46.36
      16   48.24
      16   45.89
      17   50.58
      17   52.17
      17   49.03
      17   48.82
      17   50.19
      17   50.79
      17   50.00
      17   47.77
      17   50.52
      17   51.14
      18   47.09
      18   48.66
      18   47.50
      18   46.22
      18   48.82
      18   47.20
      18   48.84
      18   50.16
      18   48.64
      18   47.88
      19   50.89
      19   50.29
      19   51.59
      19   52.17
      19   53.16
      19   50.46
      19   55.03
      19   51.78
      19   53.91
      19   52.71
      20   50.70
      20   48.89
      20   50.29
      20   50.43
      20   49.33
      20   50.63
      20   49.41
      20   51.76
      20   50.27
      20   50.29
      22   49.01
      22   48.97
      22   47.80
      22   50.29
      22   48.46
      22   50.32
      22   48.90
      22   49.01
      22   51.47
      22   50.78
      23   38.54
      23   36.88
      23   36.88
      23   36.12
      23   37.28
      23   34.72
      23   37.70
      23   37.60
      23   36.32
      23   37.96
      24   31.91
      24   32.11
      24   32.90
      24   32.44
      24   33.14
      24   34.34
      24   33.24
      24   31.39
      24   33.96
      24   32.57
      25   35.40
      25   35.49
      25   33.96
      25   32.18
      25   36.63
      25   33.26
      25   34.77
      25   32.94
      25   31.20
      25   33.16
      26   37.81
      26   38.57
      26   39.05
      26   38.18
      26   37.00
      26   37.99
      26   35.38
      26   40.86
      26   37.62
      26   38.55
      27   40.13
      27   39.65
      27   38.50
      27   41.12
      27   38.65
      27   41.06
      27   39.01
      27   41.23
      27   40.79
      27   38.87
      28   31.07
      28   32.67
      28   31.94
      28   32.08
      28   33.09
      28   30.68
      28   30.80
      28   31.20
      28   30.20
      28   31.26
      29   37.09
      29   37.60
      29   38.12
      29   36.77
      29   36.86
      29   33.19
      29   37.70
      29   39.49
      29   36.44
      29   37.74
      30   45.41
      30   46.21
      30   43.60
      30   44.76
      30   44.25
      30   42.98
      30   45.16
      30   43.80
      30   44.41
      30   43.42
      31   20.97
      31   18.97
      31   20.96
      31   21.34
      31   20.24
      31   20.98
      31   19.36
      31   20.91
      31   22.09
      31   23.19
      32   43.86
      32   45.86
      32   45.63
      32   45.65
      32   45.04
      32   44.58
      32   47.65
      32   46.29
      32   46.89
      32   45.56
      33   58.07
      33   53.72
      33   55.00
      33   55.71
      33   55.15
      33   57.46
      33   55.03
      33   53.93
      33   57.11
      33   52.83
      34   49.36
      34   51.28
      34   49.38
      34   52.23
      34   52.77
      34   50.28
      34   50.50
      34   51.49
      34   50.24
      34   52.47
      35   47.26
      35   47.77
      35   49.36
      35   47.50
      35   46.18
      35   47.75
      35   49.41
      35   47.02
      35   46.24
      35   46.50
      36   50.64
      36   53.07
      36   50.23
      36   53.24
      36   52.21
      36   52.13
      36   49.57
      36   50.49
      36   52.46
      36   51.95
      37   55.21
      37   54.82
      37   54.97
      37   56.35
      37   56.15
      37   54.72
      37   55.03
      37   56.60
      37   54.69
      37   56.46
