       1     166
       1     144
       1     155
       2     101
       2     112
       3     154
       3     181
       3     168
       3     157
       4     185
       4     162
       4     155
       4     193
       4     175
       5     136
       5     150
       5     172
       5     122
       5     144
       6     139
       6     128
       6     165
       6     144
       7     140
       7     156
       8     197
       8     230
       8     213
       8     237
       9     221
       9     232
      10     136
      10     132
      10     141
      10     142
      10     112
      11     136
      11     135
      11     144
      12     181
      13     121
      13     105
      13     109
      13     120
      14     141
      14     134
      14     137
      14     150
