       1       1       3
       2       1       3
       3       1       4
       4       1       4
       5       1       4
       6       1       4
       7       1       4
       8       1       4
       9       1       5
      10       1       5
      11       1       5
      12       1       5
      13       1       5
      14       1       5
      15       1       5
      16       1       5
      17       1       6
      18       1       6
      19       1       6
      20       1       6
      21       1       6
      22       1       6
      23       1       6
      24       1       6
      25       1       7
      26       1       7
      27       1       8
      28       2       2
      29       2       3
      30       2       3
      31       2       3
      32       2       3
      33       2       3
      34       2       3
      35       2       4
      36       2       4
      37       2       4
      38       2       4
      39       2       4
      40       2       4
      41       2       4
      42       2       4
      43       2       4
      44       2       4
      45       2       5
      46       2       5
      47       2       5
      48       2       5
      49       2       5
      50       2       5
      51       2       5
      52       2       5
      53       2       8
