       1    64.5    43.5
       1    64.0    43.0
       1    64.0    44.0
       1    62.0    42.0
       1    63.0    43.0
       1    62.0    42.0
       2    42.0    27.5
       2    42.2    28.5
       2    46.0    31.2
       2    43.0    28.2
       2    41.5    28.2
       2    43.7    29.7
       3    48.0    31.5
       3    40.5    26.7
       3    48.0    32.0
       3    41.7    27.7
       3    47.0    30.5
       3    46.0    30.0
       4    28.0    16.7
       4    23.7    14.2
       4    30.0    19.5
       4    30.0    20.2
       4    29.2    19.0
       4    24.0    14.5
       5    40.0    26.5
       5    44.2    29.2
       5    35.5    24.5
       5    49.7    34.2
       5    40.2    26.5
       5    38.5    24.5
       6    40.5    27.0
       6    49.0    32.0
       6    46.0    30.0
       6    47.0    31.0
       6    45.2    30.5
       6    46.0    31.0
       7    43.0    27.2
       7    43.2    28.2
       7    37.5    24.0
       7    42.5    28.0
       7    42.0    27.0
       7    39.7    26.5
       8    47.5    30.5
       8    41.5    28.0
       8    39.0    26.0
       8    49.0    32.0
       8    42.0    27.2
       8    50.2    33.2
       9    33.5    23.7
       9    38.5    25.7
       9    25.0    16.2
       9    36.7    24.2
       9    30.2    20.2
       9    34.5    22.5
      10    29.7    19.0
      10    39.7    25.7
      10    41.0    25.2
      10    45.7    31.0
      10    41.5    27.7
      10    39.0    25.7
      11    35.0    25.0
      11    25.5    16.7
      11    30.7    20.5
      11    42.2    28.0
      11    40.0    27.0
      11    41.0    27.0
