       1       1   15202
       2       1   15178
       3       1    9895
       4       1   15875
       5       1   12138
       6       1   14427
       7       1   15583
       8       1   13928
       9       1    9419
      10       1   10593
       1       2   15308
       2       2   14791
       3       2    9825
       4       2   15887
       5       2   12235
       6       2   14228
       7       2   15354
       8       2   14138
       9       2    9553
      10       2   10453
       1       3   14886
       2       3   14898
       3       3    9818
       4       3   15868
       5       3   12329
       6       3   14414
       7       3   15504
       8       3   13944
       9       3    9606
      10       3   10668
