       1       1     534
       1       2     173
       1       3      66
       1       4      52
       1       5      37
       1       6      22
       1       7      18
       1       8       6
       1       9       6
       1      10       4
       1      11       6
       1      12       3
       1      13       4
       1      14       7
       1      15       2
       1      16       4
       1      17       1
       1      18       2
       1      20       1
       1      23       2
       1      24       1
       1      25       2
       1      28       2
       1      31       2
       1      32       2
       1      33       1
       1      39       2
       1      44       1
       1      47       1
       1     125       1
       2       1     729
       2       2     214
       2       3     100
       2       4      46
       2       5      27
       2       6      25
       2       7      17
       2       8      13
       2       9       4
       2      10       3
       2      11      14
       2      12       7
       2      13       4
       2      14       4
       2      15       1
       2      16       2
       2      17       4
       2      18       2
       2      19       2
       2      20       1
       2      21       1
       2      23       2
       2      24       2
       2      25       1
       2      26       1
       2      27       1
       2      28       2
       2      29       1
       2      32       1
       2      33       1
       2      35       1
       2      39       1
       2      40       1
       2      46       2
       2      48       1
       2      54       1
       2      75       1
       2     113       1
